3.1448
3.1544
3.132
3.1136
3.1292
3.124
3.1444
3.1588
3.1292
3.1272
3.1384
3.1476
3.134
3.1356
3.1432
3.14
3.1336
3.1256
3.1464
3.1624
3.1728
3.164
3.1576
3.146
3.172
3.142
3.142
3.14
3.1188
3.1388
3.1184
3.1568
3.1756
3.152
3.13
3.146
3.1284
3.1372
3.1172
3.1356
3.1288
3.1672
3.1504
3.1484
3.1332
3.1084
3.1668
3.1384
3.1468
3.146
3.1292
3.1644
3.164
3.14
3.1248
3.1336
3.1596
3.0976
3.1424
3.1556
3.1544
3.1252
3.1708
3.1332
3.1332
3.114
3.1316
3.1588
3.1708
3.1624
3.1488
3.1544
3.1528
3.1228
3.1456
3.1328
3.1528
3.1404
3.1252
3.1352
3.1472
3.1548
3.152
3.1504
3.1256
3.146
3.1248
3.1176
3.154
3.1532
3.1628
3.1404
3.1456
3.1232
3.1404
3.1764
3.166
3.13
3.1484
3.1496
3.1532
3.152
3.1524
3.1512
3.1516
3.1312
3.1448
3.1764
3.148
3.1488
3.1576
3.1256
3.1472
3.1596
3.1572
3.1612
3.1532
3.1548
3.152
3.1348
3.1252
3.1548
3.1544
3.1268
3.1412
3.1716
3.1688
3.1396
3.1384
3.1536
3.1428
3.1484
3.1676
3.1616
3.148
3.1192
3.1188
3.156
3.158
3.1344
3.1296
3.1332
3.1624
3.1516
3.1512
3.142
3.15
3.1484
3.1416
3.158
3.1116
3.1568
3.1444
3.1888
3.1288
3.1508
3.1432
3.1364
3.1608
3.148
3.1372
3.1516
3.1452
3.1372
3.1392
3.134
3.15
3.1136
3.1304
3.1236
3.1404
3.1516
3.1228
3.1392
3.1376
3.1528
3.1452
3.1424
3.1328
3.1516
3.1444
3.1412
3.166
3.1376
3.1752
3.1588
3.1316
3.1104
3.1472
3.1368
3.1348
3.1612
3.1308
3.126
3.142
3.1336
3.178
3.1176
3.1444
3.1504
3.1692
3.1392
3.1648
3.1272
3.1284
3.1608
3.1424
3.1156
3.1344
3.1428
3.1332
3.182
3.1552
3.1072
3.1412
3.14
3.1424
3.1704
3.134
3.1524
3.1336
3.1348
3.1372
3.1128
3.1512
3.1464
3.1304
3.1392
3.14
3.1168
3.1188
3.1384
3.1416
3.142
3.1516
3.1536
3.1556
3.1592
3.1356
3.1592
3.148
3.1456
3.1308
3.1456
3.1376
3.142
3.156
3.1264
3.1332
3.1136
3.1432
3.1364
3.1632
3.146
3.154
3.156
3.1448
3.1556
3.1512
3.1348
3.1452
3.1476
3.1592
3.1684
3.144
3.1496
3.1388
3.1292
3.104
3.1656
3.1432
3.1584
3.1692
3.1524
3.1
3.1464
3.1452
3.1416
3.1628
3.1672
3.1544
3.1336
3.1324
3.1304
3.118
3.1284
3.152
3.16
3.154
3.1612
3.1464
3.1312
3.1444
3.1248
3.1396
3.1364
3.1284
3.14
3.162
3.1656
3.1444
3.1364
3.1672
3.1348
3.1324
3.1388
3.1416
3.1684
3.116
3.1244
3.144
3.1508
3.1288
3.1484
3.1384
3.1256
3.1548
3.1572
3.1416
3.1464
3.1052
3.1528
3.1452
3.1192
3.1508
3.1408
3.1504
3.1452
3.14
3.128
3.1532
3.1104
3.1604
3.126
3.154
3.148
3.1692
3.1292
3.1536
3.1456
3.1328
3.1068
3.1484
3.144
3.1256
3.1404
3.1604
3.134
3.1584
3.1208
3.1164
3.1244
3.1416
3.1572
3.1284
3.1364
3.136
3.1272
3.1872
3.1444
3.1352
3.1508
3.154
3.1196
3.1372
3.148
3.1536
3.1612
3.15
3.1452
3.164
3.1588
3.13
3.0936
3.1524
3.1344
3.1344
3.154
3.116
3.1096
3.1596
3.1336
3.1496
3.1504
3.16
3.1516
3.1748
3.1344
3.1248
3.1412
3.16
3.158
3.14
3.148
3.1584
3.1576
3.1376
3.1548
3.1228
3.1332
3.1044
3.1512
3.1476
3.1408
3.1592
3.13
3.1468
3.1504
3.1524
3.1376
3.1476
3.1304
3.1608
3.1332
3.1472
3.1424
3.162
3.1196
3.1304
3.1116
3.1204
3.1404
3.13
3.126
3.144
3.16
3.1324
3.1064
3.1204
3.1132
3.1684
3.1344
3.13
3.1364
3.1508
3.146
3.1164
3.156
3.166
3.1436
3.172
3.1128
3.1428
3.1456
3.144
3.1432
3.1368
3.1496
3.152
3.132
3.1076
3.1176
3.1656
3.1172
3.1276
3.1592
3.1336
3.1316
3.1416
3.1416
3.1216
3.1672
3.1
3.1476
3.1536
3.138
3.1356
3.1312
3.1512
3.1648
3.1304
3.1332
3.1012
3.1664
3.1656
3.1584
3.1396
3.1256
3.1488
3.1256
3.1624
3.1496
3.1228
3.1264
3.1372
3.1388
3.108
3.132
3.1728
3.136
3.1672
3.156
3.1572
3.1324
3.1532
3.1412
3.1544
3.1396
3.118
3.1676
3.1256
3.142
3.1412
3.1268
3.1392
3.1388
3.1352
3.1356
3.1456
3.1276
3.1464
3.144
3.1604
3.116
3.1668
3.138
3.1412
3.128
3.1448
3.1424
3.132
3.1388
3.1244
3.1584
3.1484
3.1508
3.1448
3.1672
3.1368
3.1204
3.1392
3.1384
3.1184
3.1552
3.1736
3.1524
3.1324
3.1224
3.1404
3.1328
3.142
3.142
3.1508
3.11
3.1324
3.1176
3.1512
3.1568
3.1492
3.1632
3.116
3.138
3.1196
3.1072
3.1336
3.1588
3.116
3.15
3.1524
3.1696
3.1156
3.1252
3.1612
3.1476
3.1508
3.1688
3.142
3.1388
3.1424
3.1348
3.1604
3.13
3.1528
3.152
3.1224
3.146
3.146
3.1112
3.1184
3.1284
3.1468
3.1604
3.1608
3.1404
3.152
3.1332
3.1388
3.1488
3.1492
3.1412
3.1408
3.1524
3.1364
3.1732
3.1468
3.172
3.154
3.1468
3.1584
3.142
3.1424
3.14
3.1428
3.18
3.1568
3.1576
3.1696
3.1348
3.1524
3.1708
3.152
3.1448
3.174
3.1248
3.134
3.1732
3.1432
3.1492
3.1904
3.1252
3.1284
3.1176
3.16
3.1176
3.176
3.1648
3.1204
3.1572
3.1208
3.146
3.1192
3.1436
3.1452
3.132
3.142
3.1504
3.1616
3.1364
3.174
3.1176
3.1312
3.1656
3.1324
3.13
3.1508
3.1696
3.1508
3.1192
3.1144
3.1244
3.1356
3.1276
3.1152
3.1308
3.11
3.1724
3.1368
3.1136
3.1596
3.1392
3.1276
3.1184
3.1364
3.1072
3.1476
3.1312
3.1744
3.1628
3.16
3.1356
3.1408
3.144
3.1376
3.1468
3.14
3.1244
3.142
3.1316
3.1116
3.1408
3.1388
3.1376
3.1388
3.1496
3.1368
3.148
3.0948
3.164
3.142
3.1456
3.1868
3.1128
3.154
3.1392
3.1472
3.1552
3.12
3.1344
3.1504
3.15
3.126
3.1724
3.126
3.134
3.1348
3.1532
3.1328
3.1636
3.1548
3.164
3.1364
3.1484
3.1176
3.1536
3.134
3.1276
3.106
3.1692
3.1348
3.1436
3.1712
3.128
3.144
3.148
3.1216
3.1284
3.1396
3.1344
3.1604
3.1348
3.1504
3.1216
3.14
3.1448
3.1304
3.1456
3.1056
3.136
3.1304
3.1488
3.1352
3.1312
3.1332
3.1436
3.1352
3.1444
3.112
3.1664
3.1392
3.1712
3.138
3.1288
3.1512
3.1652
3.1468
3.1456
3.1372
3.1632
3.1112
3.1384
3.1232
3.1416
3.1612
3.1468
3.146
3.1248
3.1492
3.1424
3.1128
3.1316
3.1568
3.1248
3.16
3.1012
3.1248
3.1408
3.1304
3.1312
3.1392
3.1672
3.1728
3.1296
3.1372
3.1232
3.1312
3.1384
3.1288
3.126
3.128
3.1432
3.1616
3.1372
3.1616
3.1288
3.1324
3.1244
3.1656
3.1412
3.15
3.1608
3.1124
3.164
3.1456
3.1344
3.1496
3.104
3.144
3.1256
3.1488
3.134
3.1572
3.1448
3.1644
3.1348
3.1488
3.1436
3.1484
3.1296
3.1508
3.1412
3.1276
3.1564
3.1232
3.1756
3.172
3.1468
3.1256
3.1196
3.1552
3.1628
3.1472
3.1488
3.138
3.1124
3.1408
3.1272
3.1444
3.1412
3.1208
3.1328
3.14
3.178
3.158
3.1376
3.1556
3.146
3.1096
3.146
3.15
3.138
3.126
3.1596
3.1516
3.1352
3.146
3.1528
3.1596
3.14
3.1644
3.132
3.1428
3.1644
3.1256
3.1232
3.1412
3.134
3.1828
3.1212
3.1308
3.1532
3.1396
3.1288
3.1348
3.162
3.1148
3.1488
3.1724
3.1436
3.1312
3.132
3.1524
3.1336
3.1452
3.1352
3.1316
3.1512
3.1488
3.172
3.1516
3.1332
3.114
3.1312
3.1564
3.1688
3.1508
3.1344
3.1128
3.1396
3.1144
3.1368
3.1444
3.1392
3.1532
3.1296
3.1268
3.1432
3.1328
3.1484
3.1452
3.1356
3.1408
3.148
3.1424
3.1228
3.1276
3.1172
3.1352
3.1548
3.14
3.1328
3.1396
3.0964
3.138
3.1744
3.1696
3.1644
3.1184
3.1412
3.1448
3.136
3.1328
3.154
3.1312
3.1404
3.1504
3.1216
3.1476
3.13
3.1456
3.144
3.1304
3.156
3.1512
3.1508
3.1248
3.1704
3.146
3.1588
3.1468
3.1464
3.1156
3.106
3.1548
3.1364
3.1372
3.1288
3.158
3.1432
3.124
3.1624
3.1556
3.15
3.128
3.1188
3.134
3.1392
3.1424
3.1184
3.1564
3.1624
3.1436
3.1512
3.1528
3.1208
3.144
3.162
3.1404
3.15
3.136
3.166
3.13
3.1336
3.106
3.1248
3.1316
3.1332
3.1504
3.1288
3.166
3.154
3.126
3.1476
3.1332
3.16
3.1632
3.1504
3.1096
3.1528
3.1824
3.1424
